COOR=[ 1     1.414213562E+00     1.414213562E+00     0.000000000E+00
        2     1.000000000E-15     2.000000000E+00     0.000000000E+00
        3     5.000000000E+00     5.000000000E+00     0.000000000E+00
        4     1.000000000E-15     5.000000000E+00     0.000000000E+00
        5     2.000000000E+00     0.000000000E+00     0.000000000E+00
        6     5.000000000E+00     0.000000000E+00     0.000000000E+00
        7     2.366573272E+00     2.496549956E-01     0.000000000E+00
        8     2.341374241E+00     4.976580635E-01     0.000000000E+00
        9     2.299645588E+00     7.423731852E-01     0.000000000E+00
       10     2.241789182E+00     9.821960066E-01     0.000000000E+00
       11     2.168362213E+00     1.215569289E+00     0.000000000E+00
       12     2.080071822E+00     1.440997908E+00     0.000000000E+00
       13     1.977768293E+00     1.657063247E+00     0.000000000E+00
       14     2.742777090E+00     3.032757105E-01     0.000000000E+00
       15     2.721177921E+00     6.051354830E-01     0.000000000E+00
       16     2.685410504E+00     9.041770159E-01     0.000000000E+00
       17     2.635819299E+00     1.199025149E+00     0.000000000E+00
       18     2.572881897E+00     1.488345105E+00     0.000000000E+00
       19     2.497204418E+00     1.770855350E+00     0.000000000E+00
       20     2.409515680E+00     2.045339926E+00     0.000000000E+00
       21     3.118980908E+00     3.568964254E-01     0.000000000E+00
       22     3.100981601E+00     7.126129025E-01     0.000000000E+00
       23     3.071175420E+00     1.065980847E+00     0.000000000E+00
       24     3.029849416E+00     1.415854290E+00     0.000000000E+00
       25     2.977401580E+00     1.761120921E+00     0.000000000E+00
       26     2.914337015E+00     2.100712791E+00     0.000000000E+00
       27     2.841263067E+00     2.433616605E+00     0.000000000E+00
       28     3.495184727E+00     4.105171403E-01     0.000000000E+00
       29     3.480785280E+00     8.200903220E-01     0.000000000E+00
       30     3.456940336E+00     1.227784677E+00     0.000000000E+00
       31     3.423879533E+00     1.632683432E+00     0.000000000E+00
       32     3.381921264E+00     2.033896737E+00     0.000000000E+00
       33     3.331469612E+00     2.430570233E+00     0.000000000E+00
       34     3.273010453E+00     2.821893284E+00     0.000000000E+00
       35     3.871388545E+00     4.641378552E-01     0.000000000E+00
       36     3.860588960E+00     9.275677415E-01     0.000000000E+00
       37     3.842705252E+00     1.389588508E+00     0.000000000E+00
       38     3.817909649E+00     1.849512574E+00     0.000000000E+00
       39     3.786440948E+00     2.306672553E+00     0.000000000E+00
       40     3.748602209E+00     2.760427675E+00     0.000000000E+00
       41     3.704757840E+00     3.210169963E+00     0.000000000E+00
       42     4.247592363E+00     5.177585702E-01     0.000000000E+00
       43     4.240392640E+00     1.035045161E+00     0.000000000E+00
       44     4.228470168E+00     1.551392339E+00     0.000000000E+00
       45     4.211939766E+00     2.066341716E+00     0.000000000E+00
       46     4.190960632E+00     2.579448368E+00     0.000000000E+00
       47     4.165734806E+00     3.090285117E+00     0.000000000E+00
       48     4.136505227E+00     3.598446642E+00     0.000000000E+00
       49     4.623796182E+00     5.713792851E-01     0.000000000E+00
       50     4.620196320E+00     1.142522581E+00     0.000000000E+00
       51     4.614235084E+00     1.713196169E+00     0.000000000E+00
       52     4.605969883E+00     2.283170858E+00     0.000000000E+00
       53     4.595480316E+00     2.852224184E+00     0.000000000E+00
       54     4.582867403E+00     3.420142558E+00     0.000000000E+00
       55     4.568252613E+00     3.986723321E+00     0.000000000E+00
       56     5.000000000E+00     6.250000000E-01     0.000000000E+00
       57     5.000000000E+00     1.250000000E+00     0.000000000E+00
       58     5.000000000E+00     1.875000000E+00     0.000000000E+00
       59     5.000000000E+00     2.500000000E+00     0.000000000E+00
       60     5.000000000E+00     3.125000000E+00     0.000000000E+00
       61     5.000000000E+00     3.750000000E+00     0.000000000E+00
       62     5.000000000E+00     4.375000000E+00     0.000000000E+00
       63     2.375000000E+00     0.000000000E+00     0.000000000E+00
       64     2.750000000E+00     0.000000000E+00     0.000000000E+00
       65     3.125000000E+00     0.000000000E+00     0.000000000E+00
       66     3.500000000E+00     0.000000000E+00     0.000000000E+00
       67     3.875000000E+00     0.000000000E+00     0.000000000E+00
       68     4.250000000E+00     0.000000000E+00     0.000000000E+00
       69     4.625000000E+00     0.000000000E+00     0.000000000E+00
       70     1.990369453E+00     1.960342807E-01     0.000000000E+00
       71     1.961570561E+00     3.901806440E-01     0.000000000E+00
       72     1.913880671E+00     5.805693545E-01     0.000000000E+00
       73     1.847759065E+00     7.653668647E-01     0.000000000E+00
       74     1.763842529E+00     9.427934737E-01     0.000000000E+00
       75     1.662939225E+00     1.111140466E+00     0.000000000E+00
       76     1.546020907E+00     1.268786568E+00     0.000000000E+00
       77     4.551776695E+00     4.551776695E+00     0.000000000E+00
       78     4.103553391E+00     4.103553391E+00     0.000000000E+00
       79     3.655330086E+00     3.655330086E+00     0.000000000E+00
       80     3.207106781E+00     3.207106781E+00     0.000000000E+00
       81     2.758883476E+00     2.758883476E+00     0.000000000E+00
       82     2.310660172E+00     2.310660172E+00     0.000000000E+00
       83     1.862436867E+00     1.862436867E+00     0.000000000E+00
       84     1.657063247E+00     1.977768293E+00     0.000000000E+00
       85     1.440997908E+00     2.080071822E+00     0.000000000E+00
       86     1.215569289E+00     2.168362213E+00     0.000000000E+00
       87     9.821960066E-01     2.241789182E+00     0.000000000E+00
       88     7.423731852E-01     2.299645588E+00     0.000000000E+00
       89     4.976580635E-01     2.341374241E+00     0.000000000E+00
       90     2.496549956E-01     2.366573272E+00     0.000000000E+00
       91     2.045339926E+00     2.409515680E+00     0.000000000E+00
       92     1.770855350E+00     2.497204418E+00     0.000000000E+00
       93     1.488345105E+00     2.572881897E+00     0.000000000E+00
       94     1.199025149E+00     2.635819299E+00     0.000000000E+00
       95     9.041770159E-01     2.685410504E+00     0.000000000E+00
       96     6.051354830E-01     2.721177921E+00     0.000000000E+00
       97     3.032757105E-01     2.742777090E+00     0.000000000E+00
       98     2.433616605E+00     2.841263067E+00     0.000000000E+00
       99     2.100712791E+00     2.914337015E+00     0.000000000E+00
      100     1.761120921E+00     2.977401580E+00     0.000000000E+00
      101     1.415854290E+00     3.029849416E+00     0.000000000E+00
      102     1.065980847E+00     3.071175420E+00     0.000000000E+00
      103     7.126129025E-01     3.100981601E+00     0.000000000E+00
      104     3.568964254E-01     3.118980908E+00     0.000000000E+00
      105     2.821893284E+00     3.273010453E+00     0.000000000E+00
      106     2.430570233E+00     3.331469612E+00     0.000000000E+00
      107     2.033896737E+00     3.381921264E+00     0.000000000E+00
      108     1.632683432E+00     3.423879533E+00     0.000000000E+00
      109     1.227784677E+00     3.456940336E+00     0.000000000E+00
      110     8.200903220E-01     3.480785280E+00     0.000000000E+00
      111     4.105171403E-01     3.495184727E+00     0.000000000E+00
      112     3.210169963E+00     3.704757840E+00     0.000000000E+00
